$ANSIBLE_VAULT;1.1;AES256
63393835653638383230666662336462323163643431643564623732623631386337303536306637
3736383662346637393961323266393637633163653439620a613237306162306532616666343237
64343566633866393463666630343263386132303135663831663230663239653762623037383062
3435346538376462300a383563306430633533373838643439323030666538373236623936336139
35316533623365346534326232316436303738343438343532376234663565393931373361633565
62356134323133646132363233333931396139363839306634393236333363333462623332326238
33626230326132663838326638393666666439326265303737303537303235373864343262316231
31366638616334336262383434366435386137373337363162633239313561366533626162616163
32343866393138306561343534653961353430643131323062613838376664303239636139306532
63316139383161646263343933373637613234643831366331396462313462303363333466363430
31333262306263373936363636613432393133396139636231376330613332643462363332666262
35323838393131623262363736313035613536316362396566346466336631303438383465396639
61323764646465643430326636643134346439373632336337376133336264383665386261663432
36333739393263393034663765363031336165303430303262306435653964363039363235353066
62323065396532666138303638643361303263336439316439623739346131623335343866656134
32316366623439356563363639313461343134666165626462303033376135333665386162386666
64343664313536316566643134373239353630323164643537316664663737363135366336373737
31653034636561613235656634303536613432383032643464383933666364363833633165356431
32366666613832336338343663383635626435323034313438383066613331393839326530386332
65643262663630616266363836663139616361313831663366343535313139356631356533653231
39326433393531376233616164306464636334386161313863396435353133643738623066616438
39323433376163643433366533326535353234613165376665633364393434323663353839373336
36323738613266303664393035306165343739393830386539376338376332323063653335356336
30383261653130626431
